227, 133
226, 134
221, 134
220, 135
218, 135
217, 136
216, 136
216, 137
215, 138
215, 140
214, 141
214, 173
213, 174
212, 173
212, 156
212, 173
213, 174
213, 361
212, 362
211, 361
211, 350
211, 361
212, 362
212, 364
211, 365
211, 366
212, 367
212, 368
211, 369
211, 370
209, 372
209, 377
210, 378
210, 380
208, 382
208, 383
207, 384
207, 385
204, 388
195, 388
194, 389
186, 389
185, 390
178, 390
177, 391
170, 391
169, 392
161, 392
160, 393
153, 393
152, 394
145, 394
144, 395
137, 395
136, 396
131, 396
130, 397
124, 397
123, 398
118, 398
117, 399
111, 399
110, 400
102, 400
101, 401
96, 401
95, 400
95, 392
97, 390
99, 390
100, 389
102, 389
103, 388
105, 388
106, 387
108, 387
106, 387
105, 388
103, 388
102, 389
100, 389
99, 390
97, 390
95, 392
95, 401
101, 401
102, 400
110, 400
111, 399
117, 399
118, 398
123, 398
124, 397
130, 397
131, 396
136, 396
137, 395
144, 395
145, 394
152, 394
153, 393
160, 393
161, 392
169, 392
170, 391
177, 391
178, 390
185, 390
186, 389
194, 389
195, 388
204, 388
205, 387
206, 387
206, 386
207, 385
207, 384
209, 382
209, 381
210, 380
210, 377
209, 376
209, 373
211, 371
211, 370
212, 369
212, 367
211, 366
211, 365
212, 364
212, 362
213, 361
213, 174
214, 173
214, 141
215, 140
215, 138
218, 135
220, 135
221, 134
226, 134
227, 133
232, 133
233, 134
238, 134
239, 135
241, 135
243, 137
244, 137
249, 142
249, 143
250, 144
250, 145
251, 146
251, 147
252, 148
252, 151
253, 152
253, 159
254, 160
254, 172
255, 173
255, 185
256, 186
256, 194
257, 195
257, 220
258, 221
258, 246
259, 247
259, 343
260, 344
260, 347
259, 348
259, 370
260, 370
261, 371
262, 371
264, 373
260, 377
259, 377
258, 378
257, 378
256, 379
253, 379
252, 380
251, 380
252, 380
253, 379
256, 379
257, 378
258, 378
259, 377
260, 377
261, 376
262, 376
264, 374
264, 372
263, 372
262, 371
261, 371
259, 369
259, 348
260, 347
260, 344
259, 343
259, 247
258, 246
258, 221
257, 220
257, 195
256, 194
256, 186
255, 185
255, 173
254, 172
254, 160
253, 159
253, 152
252, 151
252, 148
251, 147
251, 146
250, 145
250, 143
248, 141
248, 140
246, 138
245, 138
243, 136
242, 136
241, 135
239, 135
238, 134
233, 134
232, 133
