430, 401
429, 402
428, 402
427, 403
425, 403
427, 403
428, 402
429, 402
430, 403
431, 403
436, 408
436, 409
433, 412
432, 412
431, 413
430, 413
429, 414
428, 414
426, 416
426, 420
424, 422
422, 422
421, 423
420, 423
419, 422
418, 422
417, 421
417, 408
416, 407
416, 406
415, 406
414, 405
413, 405
412, 404
411, 404
410, 403
407, 403
406, 404
405, 404
406, 404
407, 403
410, 403
411, 404
412, 404
413, 405
414, 405
417, 408
417, 421
418, 422
419, 422
420, 423
421, 423
422, 422
424, 422
426, 420
426, 416
428, 414
429, 414
430, 413
431, 413
432, 412
433, 412
434, 411
435, 411
435, 410
436, 409
436, 408
435, 407
435, 406
434, 405
433, 405
431, 403
430, 403
429, 402
430, 401
431, 401
