373, 131
372, 132
369, 132
368, 133
366, 133
365, 134
363, 134
361, 136
360, 136
357, 139
357, 140
356, 141
356, 142
354, 144
354, 145
353, 146
353, 147
351, 149
350, 148
349, 149
349, 150
350, 151
350, 170
349, 171
348, 170
348, 152
348, 171
349, 172
349, 369
348, 370
347, 369
347, 180
346, 180
345, 179
344, 180
335, 180
334, 181
306, 181
305, 182
263, 182
305, 182
306, 181
334, 181
335, 180
346, 180
347, 181
347, 369
348, 370
347, 371
347, 372
346, 373
346, 375
347, 376
347, 377
348, 378
348, 380
347, 381
347, 392
345, 394
344, 393
341, 393
344, 393
345, 394
343, 396
337, 396
336, 397
334, 397
333, 398
330, 398
329, 399
327, 399
326, 400
323, 400
322, 401
319, 401
318, 402
314, 402
313, 403
311, 403
310, 404
307, 404
306, 405
304, 405
303, 406
300, 406
299, 407
296, 407
295, 408
292, 408
291, 409
287, 409
286, 410
283, 410
282, 411
279, 411
278, 412
275, 412
274, 413
272, 413
271, 414
269, 414
268, 413
269, 412
270, 412
269, 412
268, 413
267, 413
268, 413
269, 414
268, 415
267, 415
266, 416
264, 416
263, 417
262, 417
261, 418
260, 418
258, 420
257, 420
255, 422
253, 420
253, 414
254, 413
254, 410
256, 408
257, 408
258, 407
259, 407
264, 402
263, 402
262, 401
258, 401
257, 402
254, 402
257, 402
258, 401
262, 401
263, 402
257, 408
256, 408
254, 410
254, 413
253, 414
253, 420
255, 422
256, 421
257, 421
259, 419
260, 419
262, 417
263, 417
264, 416
266, 416
267, 415
268, 415
269, 414
271, 414
272, 413
274, 413
275, 412
278, 412
279, 411
282, 411
283, 410
286, 410
287, 409
291, 409
292, 408
295, 408
296, 407
299, 407
300, 406
303, 406
304, 405
306, 405
307, 404
310, 404
311, 403
313, 403
314, 402
318, 402
319, 401
322, 401
323, 400
326, 400
327, 399
329, 399
330, 398
333, 398
334, 397
336, 397
337, 396
343, 396
344, 395
345, 395
346, 394
346, 393
347, 392
347, 382
348, 381
348, 377
347, 376
347, 375
346, 374
347, 373
347, 372
349, 370
349, 171
350, 170
350, 151
352, 149
352, 148
353, 147
353, 146
355, 144
355, 143
356, 142
356, 141
362, 135
363, 135
364, 134
365, 134
366, 133
368, 133
369, 132
372, 132
373, 131
384, 131
385, 132
388, 132
389, 133
390, 133
395, 138
395, 139
396, 140
396, 145
397, 146
397, 155
398, 156
398, 166
399, 167
399, 181
400, 182
400, 198
401, 199
401, 211
402, 212
402, 245
403, 246
403, 250
402, 251
403, 252
403, 372
404, 373
404, 374
407, 377
407, 379
405, 381
403, 381
402, 382
400, 382
399, 383
398, 383
397, 384
394, 384
394, 386
395, 386
394, 385
395, 384
397, 384
398, 383
399, 383
400, 382
402, 382
403, 381
405, 381
406, 380
407, 380
407, 376
406, 376
405, 375
405, 374
404, 373
405, 372
405, 270
405, 372
404, 373
403, 372
403, 252
402, 251
403, 250
403, 246
402, 245
402, 212
401, 211
401, 199
400, 198
400, 182
399, 181
399, 167
398, 166
398, 156
397, 155
397, 146
396, 145
396, 140
395, 139
395, 138
394, 137
394, 136
392, 134
391, 134
390, 133
389, 133
388, 132
385, 132
384, 131
