129, 214
129, 215
128, 216
128, 259
129, 260
129, 262
128, 263
128, 266
129, 267
129, 341
130, 342
131, 341
133, 341
134, 340
137, 340
138, 339
147, 339
148, 338
149, 338
150, 339
150, 340
148, 342
147, 342
146, 343
145, 343
144, 344
143, 344
143, 345
139, 349
133, 349
132, 350
131, 350
131, 353
132, 353
133, 354
133, 353
134, 352
136, 352
137, 351
141, 351
143, 353
140, 356
134, 356
134, 361
152, 361
154, 363
154, 364
152, 366
148, 366
147, 367
141, 367
140, 368
135, 368
134, 369
134, 374
133, 375
134, 376
133, 377
130, 377
129, 378
127, 378
126, 379
124, 379
122, 381
123, 380
124, 380
125, 379
127, 379
128, 378
130, 378
131, 377
133, 377
134, 376
133, 375
134, 374
138, 374
139, 373
143, 373
144, 372
150, 372
151, 371
156, 371
157, 370
161, 370
162, 369
168, 369
169, 368
176, 368
177, 367
176, 368
169, 368
168, 369
162, 369
161, 370
157, 370
156, 371
151, 371
150, 372
144, 372
143, 373
139, 373
138, 374
135, 374
134, 373
134, 369
135, 368
140, 368
141, 367
147, 367
148, 366
152, 366
153, 365
154, 365
154, 362
153, 362
152, 361
135, 361
134, 360
134, 357
135, 356
140, 356
141, 355
142, 355
142, 354
143, 353
142, 352
142, 351
137, 351
136, 352
134, 352
133, 353
132, 353
131, 352
131, 351
133, 349
139, 349
140, 348
141, 348
142, 347
142, 346
145, 343
146, 343
147, 342
148, 342
150, 340
150, 339
151, 338
151, 335
150, 334
150, 324
151, 323
151, 297
150, 296
150, 251
151, 250
151, 215
152, 214
154, 214
158, 218
158, 219
162, 223
162, 224
163, 225
163, 226
164, 227
164, 235
165, 236
165, 276
166, 277
166, 279
165, 280
166, 281
166, 283
165, 284
165, 322
166, 323
166, 343
167, 344
167, 345
168, 345
170, 347
169, 348
166, 348
165, 349
161, 349
160, 350
159, 350
158, 351
158, 352
157, 353
157, 358
158, 359
158, 364
159, 365
159, 366
160, 366
161, 367
167, 367
161, 367
158, 364
158, 359
157, 358
157, 353
161, 349
165, 349
166, 348
169, 348
170, 349
169, 348
170, 347
170, 346
169, 346
166, 343
166, 323
165, 322
165, 284
166, 283
167, 283
166, 282
166, 281
165, 280
166, 279
166, 277
165, 276
165, 236
164, 235
164, 227
163, 226
163, 224
161, 222
161, 221
157, 217
157, 216
155, 214
152, 214
151, 215
151, 250
150, 251
150, 296
149, 297
149, 305
149, 297
150, 296
151, 297
151, 323
150, 324
149, 323
149, 319
149, 323
150, 324
150, 334
151, 335
151, 338
150, 339
149, 338
149, 336
148, 335
147, 335
145, 333
145, 328
146, 327
146, 326
147, 325
146, 325
146, 326
145, 327
145, 334
146, 334
147, 335
148, 335
149, 336
149, 337
147, 339
138, 339
137, 340
134, 340
133, 341
130, 341
129, 340
129, 320
130, 319
129, 318
129, 267
128, 266
128, 263
129, 262
129, 260
128, 259
128, 216
130, 214
133, 214
134, 215
139, 215
141, 217
141, 243
140, 244
141, 245
141, 246
140, 247
140, 248
141, 249
141, 275
142, 276
143, 276
145, 278
145, 283
146, 284
146, 285
148, 287
148, 291
148, 287
147, 286
147, 285
145, 283
145, 277
144, 276
143, 276
141, 274
141, 249
140, 248
140, 247
141, 246
141, 245
140, 244
141, 243
141, 216
140, 215
134, 215
133, 214
